0.005
0.01
0.015
0.02
0.025
0.03
0.035
0.04
0.045
0.05
0.055
0.06
0.065
0.07
0.075
0.08
0.085
0.09
0.095
0.1
0.105
0.11
0.115
0.12
0.125
0.13
0.135
0.14
0.145
0.15
0.155
0.16
0.165
0.17
0.175
0.18
0.185
0.19
0.195
0.2
0.205
0.21
0.215
0.22
0.225
0.23
0.235
0.24
0.245
0.25
0.255
0.26
0.265
0.27
0.275
0.28
0.285
0.29
0.295
0.3
0.305
0.31
0.315
0.32
0.325
0.33
0.335
0.34
0.345
0.35
0.355
0.36
0.365
0.37
0.375
0.385
0.41
0.435
0.46
0.485
0.515
0.545
0.575
0.61
0.645
0.685
0.725
0.77
0.815
0.865
0.915
0.97
1.025
1.09
1.155
1.22
1.295
1.37
1.45
1.54
1.63
1.725
1.83
1.94
2.055
2.175
2.305
2.445
2.59
2.74
2.905
3.08
3.26
3.455
3.66
3.88
4.11
4.355
4.615
4.89
5.18
5.485
5.815
6.16
6.525
6.915
7.325
7.765
8.225
8.715
9.235
9.785
10.365
10.985
11.64
12.33
13.065
13.845
14.67
15.54
16.465
17.45
18.485
19.59
20.755
21.99
23.3
24.69
26.16
27.715
29.365
31.115
32.97
34.93
37.01
39.215
41.55
44.025
46.65
49.425
52.37
55.49
58.795
62.295
66.005
69.94
74.105
78.515
83.195
88.15
93.4
98.96
104.855
111.1
117.715
124.73
132.155
140.03
148.37
157.205
166.565
176.49
187
198.135
209.94
222.44
235.69
249.73
264.6
280.36
297.06
314.75
333.5
353.36
374.41
396.705
420.335
445.37
471.895
500
